1 21
4 3
8 24
9 20
10 1 8 12 23 26
11 9
12 24
15 3
19 8 11 27
21 21
23 3
27 4 16 21
28 8
30 21
33 21
34 19
38 18
56 21
58 16 17 27
59 21
60 12 19 21
61 21
63 21 25
64 21
74 20
77 27
80 21
81 22 23 27
84 11
87 11 22
89 0
95 21
100 19
105 19
112 21
121 10
122 26
127 21
128 16
130 0
135 21
137 4
139 21
148 21
150 23
155 13
156 11 18 21 26
157 23
163 22
164 18 26
166 18 21 
167 26
169 21
170 21
171 26
176 3
177 10
180 24
196 5
198 10 18 21
200 11 27 
205 24 26 
206 21
210 26
211 10 16 
212 11 16 21
213 5
218 10
221 4 12 23 27 
223 10 16 17 25
233 11
236 21
239 26
240 12 23 
248 11 20 
252 21
253 8 10 27
256 15
262 21
263 10
264 19
265 22 24 
267 21
268 21
269 9 10 
270 21
273 18 19 
281 5 24 
282 16
284 21 27 
286 24
291 22 24 
292 26
298 20
299 5
302 6 16 17 22 
303 10 21 
310 4 15 19
311 8 21 
313 21
316 26
319 6
321 11 19 21 24 26 
322 13
327 16 22 
329 20 22 
330 3 13 14 17 23 24 27  
331 3 14 
333 17
334 1
335 18 22 23
336 17
338 20
339 6 21 22 23 25 
342 20
343 11
345 17
347 14 22 
348 17 20 22
351 2 11 15 17 22 27
352 17
354 12
356 20 22 26
358 3 14 
360 27
361 11
363 20
365 17
368 17 22 
369 16
370 18 27 
375 24
376 11 18 
377 17
378 20
379 14
381 22 27 
383 3 6 16 24 
386 14 22 
387 12
390 26
391 21
393 16
396 13
398 2 14 
399 3 12 17 24 
400 8 17 
403 6 13 23
405 26
406 24
407 8 27 
410 6 14 22
411 13 24 
416 27
420 22
425 20
427 12
430 8 13 16
436 16
441 13 26 
444 17
445 16 24 
446 22
447 26
448 22
450 20
451 21
452 14 23 
456 1 22 23
469 3 16 
470 3 14 17
471 15
476 8
477 16 17 
480 23
482 0
483 20
484 24
487 14 17 
488 14
490 10
493 17 19 23 25
496 13 20 
498 19
500 14 17 20
501 13 14 
502 19
505 9 10 
506 23 27 
511 5 17 
512 1 2 3 13 27
513 22
514 19
519 1
523 12 19 
527 13 20 24
532 3 6  
533 16 19 22 24
537 18
551 8 20 23
555 1 13 20
558 20
561 12 27 
562 6 10 
571 6
572 3 12 
575 13
576 16
577 6
582 25
583 16
584 26
585 26
592 11 15 26
595 26
596 11 26 
598 19
606 26
609 26
614 26
616 26
620 15 22 26
622 26
625 18 19 
626 26
628 26
632 11 15 26
637 26
638 11 15 22 26
646 26
649 26
650 26
653 26
655 26
658 6 26 
660 26
662 26
664 26
675 26
685 27
686 10
689 19
695 20
698 20
701 8
702 19 20 
703 10
709 24
715 20
719 20
725 24
728 1 2 23
750 18
754 18 19 
756 18
757 21
760 2 17 18 23 27 
763 9
764 11
770 26
776 8
781 18
782 3 6 8 24
784 24
785 9
786 22
788 12
789 15
790 1 2 18
792 23
794 21
796 19 20 
799 15
800 21
802 14 16 23
803 27
804 6 8 24
809 12
810 11 21 
811 11
812 27
813 13
816 4 6 21
823 16
824 3 14 24
825 7 17 22 25 
828 13
829 17 19 21 24
831 9
833 15 21 
835 11 15 22 27
836 3 11 25 26 
838 8
840 18 27 
842 4
844 19
845 16
846 25
847 24
848 11 27 
852 24
856 3
862 11
863 10 12 13 24
864 26
865 5
869 14
871 11 15 
872 26
875 26 27 
877 24
878 10 14 
881 26
890 26
891 8 26 
897 23 26 
898 26
899 19
900 13 24 27
902 26
907 26
909 20
910 14
918 24
920 14 23 
926 26
928 26
929 17
934 26
936 26
941 26 27 
947 3 14 
949 26
951 14 24 
952 20
965 1 27 
968 12 21 
972 23
976 3 12 24
980 24
982 12
984 12 13 
988 17 24 
990 3 4 12 14 17 25  
991 16 24 
992 26
995 11 14 17 23 25 27 
997 24
999 19 24 
1004 20  
1005 22 25
1022 8
1034 22  
1036 11 18
1037 9 11 15 19 20 22 23 27  
1038 7
1040 25  
1054 22  
1055 11 21
1058 25  
1062 10 15
1063 23  
1064 2 16 25 27
1067 10 23
1069 23  
1073 9 22 
1075 18 19 22 
1077 18  
1078 4 15 
1082 2 7 21 26 
1085 18  
1095 4
1098 12  
1099 12 23
1101 27  
1104 25  
1106 24  
1107 6 24 
1108 26  
1109 11 18 22 25
1111 12  
1113 7 11 
1117 21  
1118 11 21 25 
1119 18 23
1120 15 22
1121 11  
1122 18 23
1123 21  
1124 18  
1126 7 18 
1129 1 2 15 18 25 
1134 7 18 21 23
1137 8 9 15
1139 18  
1149 7 20 23
1159 22 24
1161 6 27 
1162 2
1163 25  
1166 26  
1169 7 23 
1173 8
1174 8 26 
1178 7
1181 4 11 
1183 8
1185 10 11 15 22
1197 12 13 27 
1198 23  
1206 13  
1208 17  
1209 2
1215 12  
1218 17  
1220 26  
1221 9
1222 0
1236 27  
1238 3
1242 0
1247 13 17
1248 23  
1252 27  
1255 0
1256 15  
1260 15  
1262 11 15
1263 15 18
1267 9
1276 12 17
1279 16  
1280 13  
1281 19  
1283 22  
1284 19  
1292 10  
1293 23 24
1294 13 17
1297 22  
1299 3 24 
1300 5 23 
1302 6
1303 0
1306 0
1310 6 21 
1312 24  
1313 14  
1317 14 25
1320 10 20 22 
1324 9
1325 21  
1326 13 14
1328 23  
1329 11 22
1336 16  
1339 0
1340 10 22
1342 25  
1345 18 25
1346 22  
1349 6
1355 21  
1356 27  
1357 19 21
1358 3 7 
1359 21  
1361 21  
1362 18 22 23 
1364 3
1366 13 20
1368 22  
1371 12  
1375 18 21
1380 12 19
1388 13  
1390 12  
1391 12 13 14 27
1394 15  
1395 3 5 
1396 15  
1397 17 25 27 
1406 21  
1409 13  
1411 21  
1418 21  
1419 27  
1421 21  
1422 12 24 26 
1425 21  
1427 13  
1431 14 17 19 20
1438 10 12 19 
1439 1
1446 10  
1447 10 21 27 
1455 21  
1457 15  
1460 14  
1465 21  
1479 9
1492 11  
1497 22  
1502 15  
1505 9 15 
1512 8
1516 0 4 
1517 16 22 26 
1518 16  
1521 8
1525 11 15 27 
1527 11 27
1529 15  
1532 9
1534 15  
1536 11  
1539 7
1550 1
1552 8
1554 14  
1555 6 19 
1556 18  
1560 1 20 
1564 2 18 
1567 15 17
1570 3 11 22 27
1571 22  
1572 1
1579 18 19
1582 4
1588 15  
1590 6 8 
1592 19 22 25 
1594 20  
1598 4
1599 1 20 
1600 14  
1601 15  
1605 17  
1607 4 12 18
1608 19 25
1609 20  
1611 12  
1612 4
1614 14 19 20 23
1615 4 10 
1616 4
1619 13 14 16 
1624 12 18 21 24
1625 1 2 4 22 23
1628 4 22 23
1630 19  
1631 14  
1633 4
1634 18  
1635 6 18 20 21 22 24 
1638 22 23 25 
1642 4 6 25
1643 1 18 19 22 23 25 
1644 23 25
1646 3
1649 4 22 25 26
1650 16 21
1654 23  
1656 2 4 11 12 15 23 25  
1659 5
1660 3
1662 4 21 
1663 20  
1664 1 2 3
1666 4 5 12 13 
1670 14  
1672 27  
1680 22  
1688 12 19
1689 10  
1692 22 25
1693 20  
1695 0
1700 20  
1703 4
1704 20  
1705 19  
1706 5
1707 6 12 17
1714 3 4 12 17 
1716 21 22
1721 1 19 
1724 12 22
1725 4 19 25
1726 22 24
1727 8
1728 24  
1731 15 18
1734 15 18
1735 17 27
1736 14  
1738 4
1741 18 22
1742 4 23 
1747 25  
1749 11 16
1750 21  
1755 27  
1756 1 2 4 19 
1757 26  
1764 0 3 12 26 
1773 23  
1774 3 12 23
1778 4 6 19 20 
1783 4 22 
1787 12  
1788 14  
1791 20  
1797 6 18 25
1801 14  
1805 14  
1806 14  
1808 4
1811 14  
1812 16 19
1813 21  
1814 17  
1823 16  
1825 16  
1826 21  
1827 9 10 
1839 12  
1846 14  
1850 10 17
1853 24  
1855 22 27
1858 12 21
1861 5
1864 22  
1865 24  
1869 10  
1872 10 13 14 
1880 8 12 
1881 13  
1882 7
1885 13  
1886 12 23
1888 10  
1904 16  
1907 0
1908 14  
1909 9
1913 24  
1922 21  
1933 20  
1934 20  
1935 5 24 
1936 12  
1942 10  
1951 23  
1955 12 23
1961 1
1965 0
1967 20  
1974 20  
1976 13  
1985 12  
1986 10 27
1987 12 14 17 
1992 17  
2000 10 20
2002 12 15 16 21
2007 20  
2008 24 27
2009 14 27
2013 26  
2014 13  
2016 23  
2028 13 24
2032 12  
2033 5
2034 24  
2037 12 13
2041 18  
2043 8 24 
2044 6
2045 26  
2049 12  
2052 8 13 22
2053 10  
2056 9 11 
2064 10  
2066 0
2067 12  
2069 10  
2070 21  
2075 27  
2076 5 24 
2083 12 13 14 
2084 10  
2085 24  
2086 5
2099 10 14 20 
2106 10  
2110 21  
2112 20  
2117 1
2118 0 5 17 23 
2119 5
2120 12 27
2121 20  
2126 14  
2135 22  
2136 6 18 23
2137 12  
2138 20  
2139 17  
2140 0
2145 5 8 10 12 13 14
2152 1 27 
2154 10 16 18 
2157 23 27
2158 8 20 
2166 24  
2168 8
2169 10 16
2175 12  
2177 5
2178 8
2182 3
2202 12 21 24 
2208 10  
2213 12  
2219 17 20
2220 20  
2235 23  
2238 9
2240 22  
2242 24  
2244 1 24 
2245 12  
2246 24  
2253 1 13 
2256 8 12 21
2263 21  
2264 13 24
2265 13 17
2267 12  
2268 13  
2269 14 22
2274 14  
2275 27  
2278 16 20
2282 26  
2285 18  
2295 10  
2307 9 22 
2308 5 8 14
2309 0
2311 0
2316 12 13
2323 17  
2324 24  
2327 12  
2329 17  
2332 18  
2336 8
2339 3 22 24
2343 13  
2348 20  
2361 20  
2380 0
2382 13  
2383 12 13 22 27
2386 21  
2387 27  
2389 12 23
2390 18 27
2395 13 14
2398 22  
2402 13  
2403 24 27
2407 4 21 
2409 5
2411 5
2412 15  
2413 12  
2417 12 13
2420 14 25
2425 23 24
2428 20  
2431 9
2436 12  
2437 13 20 24 
2439 13  
2444 3 5 10 12 17 
2446 5
2448 9 16 
2457 10  
2459 23  
2460 14  
2466 5
2468 10 17
2469 13  
2474 9
2478 26  
2479 14  
2483 10  
2492 10  
2493 12  
2496 26  
2499 19  
2504 10  
2509 13  
2510 5 24 
2516 2 17 23
2517 13 24
2519 10 16
2520 24  
2524 20  
2525 13  
2537 24  
2541 18  
2542 13  
2543 13  
2546 10  
2552 10  
2559 11  
2561 24  
2563 12  
2565 6
2566 17 22
2568 10  
2570 10 16 23 
2576 18  
2580 9 11 
2581 24  
2585 27  
2589 8
2590 13 14
2594 3
2595 13 14
2597 13 16
2603 20 25
2608 16  
2610 8
2611 10 15 25 
2612 8 24 
2615 13  
2616 14  
2624 12  
2633 0 26 
2639 13 16 27 
2644 14  
2646 5 10 
2648 13  
2651 20  
2654 0 5 
2656 5
2657 22  
2659 5 16 
2661 0
2663 1 2 10 12 18 
2666 24  
2667 20  
2671 10  
2672 27  
2675 6 14 17 23
2679 20  
2680 16  
2681 5 19 
2687 17  
2692 14  
2696 10  
2697 24 27
2701 10  
2705 6 17 20 24 25 27 
2708 17  
2711 24  
2720 14 16 17 23
2721 2 17 25 27
2724 9
2728 5 10 12 16 27 
2730 17 19 20 22 25  
2738 0 2 11 27 
2741 23  
2744 0 1 12 23 
2749 24  
2750 22  
2751 4 19 
2752 5
2753 21  
2756 14  
2758 13 22
2760 24  
2761 12  
2762 4
2763 4
2768 21  
2774 16 23 25 
2775 18  
2778 11 19 25 
2780 27  
2788 17  
2793 17  
2796 14 17
2798 20  
2814 2 25 
2824 19  
2826 8 20 22
2828 19 26
2834 21  
2840 24 27
2845 15 22
2851 20  
2852 16  
2855 21  
2856 1 11 
2860 13 16
2862 13 24
2866 27  
2878 19  
2882 13  
2883 15 19
2886 3 26 
2898 4 6 12 13 17 25
2904 12 13
2906 5
2911 10 14 16 
2913 17  
2915 13 17
2916 25  
2923 24 27
2925 9 11 
2926 13  
2927 20  
2932 21  
2934 24  
2937 0 13 
2938 4 10 
2949 22  
2953 26  
2964 22  
2967 24  
2969 21  
2979 10  
2987 21  
2989 18 27
2992 0
3001 13 14 17 24
3004 13 20
3009 21  
3013 23 27
3021 16  
3023 24  
3027 14  
3030 13  
3042 13 24
3050 20  
3053 20  
3072 10  
3074 13  
3093 5
3100 8 20 
3104 5 13 
3108 26  
3110 8 26 
3114 20  
3115 13  
3116 24  
3117 6
3119 16  
3130 8
3131 26  
3135 16  
3142 15 26
3148 10  
3152 19  
3153 5
3160 22  
3172 26  
3174 12  
3176 22 27
3178 9
3200 24  
3201 9 10 20
3208 26  
3213 24  
3214 26  
3215 10  
3218 20  
3222 26  
3224 26  
3230 10  
3232 26  
3234 14 25
3238 5 24 
3243 27  
3245 11  
3247 26  
3261 26  
3267 10  
3270 27  
3280 9 20 
3282 15  
3283 26  
3293 26  
3294 22 26
3298 10 19 23 
3313 20  
3318 13  
3319 21  
3320 20  
3322 8
3323 27  
3327 15  
3328 20  
3330 13 24
3336 1 26 
3345 9
3348 24  
3349 24  
3351 2 5 10 17 
3360 27  
3362 10  
3365 8 15 
3376 5
3378 23  
3380 27  
3387 10  
3388 12  
3391 10  
3393 10  
3394 8 26 
3398 19  
3405 21  
3406 5 12 13 27
3418 4
3421 2 20 
3423 8 11 
3425 23  
3430 9
3432 5
3433 14  
3435 3 6 27
3439 9
3441 27  
3442 10  
3444 5 10 
3447 2
3450 17  
3451 9 10 
3452 1 17 
3465 8 9 11 20 
3470 26  
3472 3
3474 16 24
3475 19  
3479 20 23
3490 9
3495 9
3498 26  
3510 20  
3513 10  
3517 19  
3518 7
3520 22  
3524 10  
3526 24  
3527 23  
3528 20  
3532 5
3533 20  
3535 1 20 
3538 10  
3545 5
3550 14  
3551 5 10 
3554 6
3561 20 23
3564 8
3575 11  
3583 2
3584 10  
3592 15  
3599 5
3612 9 11 
3614 10 20
3621 12  
3627 26  
3628 27  
3629 4 22 
3635 24  
3638 19  
3652 20  
3661 16  
3670 19  
3671 27  
3672 5
3674 14  
3675 21  
3678 26  
3683 22  
3691 26  
3692 26  
3693 26  
3704 9
3705 26  
3719 0
3720 19  
3721 26  
3726 25  
3733 1
3736 19  
3737 8
3738 8 22 
3739 17  
3743 0 14 
3745 20 25 27 
3747 26  
3750 11  
3754 20  
3755 13 20
3759 5
3766 15  
3770 14  
3771 19  
3774 5
3777 27  
3778 3
3782 1 27 
3786 0 19 
3787 18 21
3788 8
3789 3
3790 16  
3791 4 15 
3792 18  
3793 18  
3794 18  
3799 18 19
3802 25  
3803 6
3806 22  
3807 16 23 25 
3809 25  
3810 2 16 18 23 25 
3813 18  
3814 18  
3817 18  
3819 5 18 21 25 27 
3820 9 16 18 23
3824 21  
3832 18 20 25 
3837 18  
3840 22  
3841 18  
3842 8
3844 21  
3849 16  
3851 16 23
3855 16 25
3856 17  
3861 18  
3865 6 27 
3866 18 23 25 
3868 22  
3870 17 20
3871 23 25
3875 14 19
3876 15  
3878 25  
3880 8
3881 7 8 
3882 25  
3886 18 25
3890 25  
3892 19  
3895 15  
3896 14 22
3897 21  
3901 2
3904 6 18 
3915 27  
3924 10  
3926 10 18
3942 2 12 23
3944 16  
3965 0
3971 17  
3974 17 23
3975 24  
3976 27  
3980 14  
3981 3 17 
3985 15  
3986 0 16 25
3990 3 17 
3992 8
3993 14  
3996 14  
3997 14 17
4006 16 20 27 
4007 24  
4009 6 16 17
4011 14 20
4012 3 24 
4014 10 14
4017 0
4019 13  
4021 10  
4028 20  
4030 8
4034 16 23
4035 18 19
4036 2
4040 25  
4042 25  
4044 17 23 25 
4051 16  
4058 25 27
4066 18 27
4068 8
4069 14  
4075 20  
4076 1 18 21
4080 23 24
4088 6
4093 10 14
4096 19  
4098 5
4099 24 27
4100 27  
4101 8
4103 12 19
4109 12  
4110 2
4115 16  
4116 23  
4117 18  
4120 22 25
4121 18  
4122 3 23 26
4124 15  
4128 22 24 27 
4129 18 21
4131 16  
4132 1 3 6 12 15 16 23 25 
4133 27  
4136 4 6 11 16 21 27
4137 11  
4138 2 6 8 21 
4141 16  
4142 8 21 
4144 3 10 15 16 27 
4147 1 23 26
4148 2
4152 14  
4153 16 25
4154 16  
4156 25 27
4157 27  
4159 7 11 16 19 21 25 26
4160 26  
4172 2 18 23
4178 18  
4180 17  
4189 6
4192 21  
4193 10  
4195 11 16 18 25
4199 23  
4201 11  
4203 23  
4204 10  
4207 18  
4215 23  
4246 7
4253 20  
4254 5 10 
4255 14  
4256 2 8 10 18 25 
4258 17 20 27 
4272 9 22 
4276 19 25
4278 5
4281 9 22 
4286 5 13 24
4287 13 24
4295 24  
4304 20  
4310 23  
4313 15  
4317 20  
4319 24  
4322 23  
4326 5
4336 12  
4337 13 16
4340 21  
4345 22  
4357 24  
4365 20  
4369 24  
4374 13  
4380 7
4381 27  
4383 5
4384 9
4388 10 14
4399 26  
4403 20  
4404 20  
4406 5 23 
4407 12  
4409 5 24 
4411 24  
4413 2 24 
4422 16  
4449 1
4455 3
4483 18  
4490 15 27
4522 27  
4524 19  
4528 21  
4535 12  
4536 3 6 12 17 
4541 12 17
4542 3 12 13 24 27 
4546 0
4562 18  
4572 17  
4577 18  
4583 15  
4589 2
4591 18 21
4594 27  
4599 10 22
4603 2
4607 23  
4611 21  
4627 27  
4629 2
4640 18  
4646 7
4647 11 26
4649 0 25 
4650 23  
4675 19 27
4678 3
4684 25  
4690 1
4691 13 16
4692 3 4 6
4695 16  
4704 26  
4708 9 11 
4711 26  
4713 26  
4715 26  
4716 26  
4723 8
4725 24  
4737 15  
4738 25  
4747 16  
4754 26  
4759 21  
4766 18  
4772 15 26
4784 23  
4785 18  
4786 16 19 21 27
4794 4
4800 10 22
4802 15  
4806 15 17 19 
4810 13 22
4812 21  
4813 2 21 25
4816 20  
4825 17  
4826 3 4 10 17 22 27
4827 19 25
4828 7
4829 14  
4830 18  
4831 10 12 24 
4832 13 17
4839 4 18 19 23
4846 13  
4847 7
4848 0 8 
4850 18  
4851 4 25 
4854 3 12 
4863 27  
4865 16 25 27 
4866 14 24
4867 18 22
4871 10 24
4872 10  
4875 17  
4876 18  
4877 1
4878 1 2 17
4882 15  
4884 21  
4885 7
4886 22  
4887 5
4888 24  
4896 14 17
4898 8 9 
4902 21  
4903 25  
4905 18 23
4908 18  
4918 16  
4938 8 26 
4940 16  
4946 3 9 11
4947 3
4953 5 10 24
4954 5 10 24
4958 4 17 22
4959 1 2 6 12 17 19 22 23 25
4961 16 27
4962 19  
4963 3 24 
4965 4
4967 5
4971 17 19
4972 4 6 17 19 22 23 25  
4973 5
4974 16 17 18 22 23 25 27 
4976 14  
4986 12 27
4994 14  
4997 12 13
5009 6 19 
5010 24  
5020 24  
5021 1 5 10
5026 17 27
5028 27  
5033 7 15 
5036 4
5041 7 11 
5072 3 6 12
5073 20  
5082 6 14 17 25
5086 19  
5087 20  
5093 26  
5096 12  
5097 16  
5101 10 20
5103 16  
5107 20  
5111 23  
5112 13  
5116 10 24
5118 13  
5122 20  
5123 15  
5126 20  
5130 18  
5138 9
5148 8 20 
5155 16  
5159 10 16
5162 7 20 22
5165 6 12 17
5167 20  
5171 10  
5173 13  
5175 5
5176 20  
5180 1 22 
5183 10 14
5187 10  
5189 8 24 
5196 10  
5199 20  
5204 20  
5210 21  
5213 20  
5222 26  
5225 2 6 17 20 22 
5228 20 26
5231 21  
5232 23  
5234 8 15 20
5237 1
5239 20  
5245 12  
5247 13  
5248 17 23
5250 5
5251 13  
5253 14 17
5255 14 17
5260 27  
5261 10  
5268 13  
5272 13  
5274 8
5277 12 13
5282 0 6 26
5284 20 22
5297 13  
5304 17 20
5305 20  
5306 20  
5307 13 20
5308 13  
5309 13 14
5314 13  
5315 13  
5316 13  
5318 21  
5319 12 13 19 20 27  
5321 6 8 9 27 
5322 8 14 20
5323 11 12 13 14 16 24 
5327 13 22 24 
5328 4 5 13 20 
5329 8 10 12 16 21 
5330 13  
5332 12 22
5334 12 13
5339 24 27
5340 2 6 13 17 25 27
5341 20  
5342 8 12 13 22
5343 13  
5345 13  
5346 13 20
5347 13  
5348 13  
5349 13 14
5354 25  
5355 12 13
5356 13 14 19 20
5359 10 14
5362 13  
5365 12 13 19 20 27  
5381 16 18 21 22
5383 12  
5384 11  
5385 9 11 
5390 16  
5392 7
5393 19  
5398 7 9 11 19 
5400 11  
5402 7 11 18
5406 25  
5407 11 25
5408 7
5409 25  
5412 16 21
5413 7 11 22
5415 27  
5420 12  
5430 7
5432 7 15 
5433 18  
5434 7
5436 7
5439 7
5440 7
5442 7
5445 12  
5446 7
5447 7
5449 7
5452 7
5455 7 11 
5463 7 11 18
5465 18  
5467 7 12 
5472 7
5473 7 22 
5476 7
5481 7 11 12 15 21 
5483 7 18 
5487 7 19 
5490 7
5498 12  
5499 26  
5504 21  
5518 16  
5519 22  
5520 21  
5524 14  
5527 14  
5542 20  
5543 14  
5552 4
5554 9 11 
5561 14  
5565 26  
5569 18  
5570 11  
5574 4 27 
5582 15  
5592 8
5600 0 26 
5605 20  
5606 12  
5614 13 14 23 
5623 17  
5633 4 20 
5634 12 22 25 
5643 25  
5644 11 21
5650 3
5652 17  
5656 15  
5657 26  
5660 27  
5666 10  
5668 17 25
5671 2 19 26
5677 18  
5686 9 10 20
5688 26  
5689 11 15 25 
5691 19  
5694 11 15 25 
5695 21  
5697 17  
5702 0 27 
5709 11  
5711 10  
5712 11 26
5714 8
5715 24 26
5718 20  
5719 7 11 26
5720 13 22 24 
5728 27  
5732 3
5733 21  
5735 18 19 22 
5736 27  
5738 14  
5755 7 23 
5766 20 21 25 
5767 17  
5769 7
5771 15  
5779 6 21 
5780 7 22 
5783 7 23 
5784 18 19
5785 7
5789 7 11 18 25
5791 7
5794 6 21 
5796 7 21 
5797 7
5798 7
5799 11  
5801 7 25 
5803 7 22 
5812 24  
5823 26  
5825 27  
5828 22  
5832 26  
5833 26  
5836 18  
5844 24 27
5849 7
5858 18  
5860 18  
5863 3
5865 8
5867 0
5874 7 9 
5878 18 21
5880 15  
5881 4 15 17 22 25 
5882 18 24
5883 2
5885 1 6 17 25 
5886 18  
5887 11 18 23 25
5888 18 23 26 
5889 2 4 6 14 16 18 20 22 23 25 27
5891 12 17 20 25
5893 14 17
5896 12  
5898 17 20
5907 24  
5908 18 23
5910 25  
5912 14  
5913 10 14
5914 11 16 21 24
5915 14  
5952 11  
5956 4
5959 6
5963 16  
5974 19  
5975 19  
5986 9 22 
5990 7 15 
5992 11 15 19 
5997 7
5998 7 15 
6003 18 19
6006 16  
6011 0
6015 9 15 
6022 21  
6023 19  
6026 10  
6027 2
6036 11 24 25 
6038 13  
6039 16  
6042 24  
6044 24  
6045 12 16 21 24
6046 20  
6050 5
6054 1
6055 23  
6058 14  
6059 14 22
6069 21  
6070 12 21 26 
6076 3 13 14 24
6078 23 25
6081 24  
6092 24  
6095 10  
6103 3 5 24
6104 17  
6105 21  
6106 22  
6108 9
6113 17  
6114 24  
6120 19  
6125 19 23 25 
6134 10  
6136 12 13 27 
6142 22  
6143 3 9 17 26 
6145 12 16
6149 18  
6151 19 21
6166 12 16 18 
6170 6 8 17 19 25 
6171 21  
6172 24  
6186 16  
6187 12  
6195 13  
6205 5
6207 11  
6210 14  
6211 20  
6215 24  
6218 10 21
6222 17  
6225 11 19
6226 21 22
6227 17  
6228 24  
6232 3
6245 16 21 24 
6248 10  
6253 3 26 
6258 10 14 27 
6267 12 16
6276 20  
6278 10 18 22 
6279 25  
6283 18 19
6284 16 27
6285 15  
6286 9 11 
6295 25  
6304 21  
6313 19 26
6317 26 27
6323 24  
6324 19  
6336 16  
6340 12 17
6343 24  
6347 8
6350 17  
6351 5 16 27
6353 10 23 25 
6362 14 16 17 27
6367 5
6372 6 12 
6373 27  
6375 12  
6383 1 6 9 23 27
6388 3 17 
6396 3 6 
6398 17 19
6406 10  
6409 6 12 13
6414 20  
6423 13 14 20 
6424 24 26
6429 14  
6433 11  
6440 19  
6442 24  
6451 11 24
6459 25  
6463 22  
6467 24  
6475 8 19 21
6485 8 12 16 21 24 
6490 17  
6493 11 15
6497 19  
6498 21  
6500 8 10 12 16 21 
6506 14  
6507 12 16 24 
6509 13  
6512 14  
6514 18 22
6515 10 18
6522 8 10 21
6529 8 15 
6531 23  
6533 7 22 26
6534 8
6537 19  
6538 12 24
6551 22 27
6565 19  
6566 16 23 25 
6571 15 20
6576 15  
6577 9
6589 20  
6591 25 26
6598 11  
6601 11 26
6602 7 11 25 26
6604 25  
6607 11 26
6608 3 7 9 11 22 25 26 
6615 25  
6616 0 11 
6617 16 25
6622 0
6623 27  
6625 26  
6626 22 23 27 
6629 11  
6632 13 14
6634 26  
6635 22  
6637 11 26
6638 20  
6639 6
6640 25  
6641 25  
6642 11  
6643 6
6646 26  
6647 9 20 
6661 7 11 20
6669 15  
6674 26  
6677 15 18
6682 10  
6686 10 25
6691 25  
6698 12 23
6704 16  
6707 20  
6710 11 25
6711 18 19
6712 1 14 
6723 19  
6727 18  
6731 20  
6734 16  
6741 0 26 
6748 8
6750 11 26
6754 8
6755 11 18 23 
6760 20  
6762 19  
6763 10  
6779 0 11 26
6780 9
6782 9
6785 8
6792 8 20 
6803 22 23
6810 10  
6812 20 25
6817 20  
6818 17 19 25 
6819 22  
6820 18  
6825 11  
6826 3
6828 26  
6830 26  
6831 0
6842 24  
6845 14  
6846 6 10 14 16 20 
6848 2 13 14
6854 10  
6867 24  
6870 24  
6876 13 14 24 
6881 26  
6882 14  
6903 14 25
6908 12 23
6909 14 16 17 19 24 25 
6911 21  
6913 12  
6923 14  
6934 10 24
6937 10  
6946 12  
6947 24  
6949 13  
6952 24  
6960 17  
6964 14  
6965 18  
6971 13  
6973 14 16
6974 11 15 26 
6986 13  
6988 13 14 27 
7006 14  
7019 23  
7020 16  
7021 16  
7023 25 27
7029 20  
7037 18 23
7038 16  
7043 7
7054 25 27
7057 6 13 17 25
7069 23  
7071 25  
7072 7 16 21
7076 10 12 23 
7083 27  
7086 16  
7090 2 6 10 20 22 23 24 25 27 
7092 17  
7093 22  
7095 5 22 
7099 22 25
7112 26  
7124 18  
7127 1 16 22 23
7130 15 18 19 22 25 27 
7131 4 23 25
7134 9
7140 7
7141 15 18
7144 4
7148 22  
7165 11 26
7168 15  
7195 25 26
7201 25  
7203 1 15 18 23 27 
7205 16  
7210 1 18 19 22 23 25 27
7216 18  
7217 16  
7220 25  
7231 1 25 27
7234 21  
7237 20  
7244 15  
7255 21  
7261 27  
7280 16  
7282 8 11 23
7284 17 27
7285 15  
7286 21  
7288 0
7290 2
7297 10 16
7301 22  
7311 4
7312 15 24
7313 19  
7317 24  
7324 9 15 22 25 27 
7326 18 22
7329 6 16 
7344 25  
7346 5
7352 27  
7354 1
7357 18 25
7360 21  
7361 19 22
7364 4 27 
7366 0
7368 21  
7370 21  
7371 7 18 23
7377 21  
7380 23  
7381 8
7384 9 11 12 22 25 
7388 19  
7390 6 21 
7391 26  
7395 16  
7396 21  
7402 21  
7403 3
7404 24  
7417 7
7420 7 22 25
7422 20  
7425 7
7428 4 17 19
7429 5 24 
7431 2 17 
7432 7
7434 7 11 15 20 23 
7435 12  
7437 20  
7439 11  
7442 19  
7446 7 11 18
7453 20  
7457 16  
7458 18 22 23 
7460 2 11 16 18 25 
7461 11 26
7466 26  
7470 7
7474 22 23
7483 7 15 21 25
7488 11  
7489 7 27 
7499 7 15 17 18
7501 11 23
7503 7
7505 10 25
7506 12 15 18 23
7507 3 11 21 27
7516 15  
7517 17  
7524 24  
7525 7 15 
7533 7
7534 22 23
7535 13  
7536 11 15 18 23 26  
7539 13  
7544 4
7545 7 11 12 15 17 18 23 26  
7551 23  
7552 7 23 
7554 19  
7555 1 6 12 13 14 16 17 20 23 
7569 0 25 
7570 14  
7577 13  
7581 11  
7585 17  
7595 5
7596 2 13 
7597 8 13 20
7598 4 18 
7601 19 23 25 
7603 12  
7616 13 20
7618 10 14
7619 13  
7624 13  
7626 13  
7628 0 27 
7634 27  
7640 5 12 
7644 12 17 23 
7645 14  
7646 12 13
7650 2 13 
7651 13  
7654 13  
7655 12 16
7657 12 23 24 
7658 20  
7661 13 20
7665 12  
7669 2 13 
7673 13 14 25 
7674 13  
7676 27  
7679 14  
7685 10 12
7686 12 24
7688 12 13
7689 13 24
7692 5 24 
7708 6 10 14
7710 11  
7716 15 19
7725 10  
7731 0
7739 24  
7743 1
7747 16  
7750 25  
7760 15  
7761 14  
7772 12  
7783 16 25
7786 13 20
7787 13  
7789 24  
7792 16  
7793 20  
7794 12  
7800 20  
7804 2
7807 2 16 25
7808 19 26
7813 10 12 14 18
7816 19 22 23 25
7830 11  
7835 8
7839 19  
7840 19  
7855 3
7863 25  
7864 19 23
7866 27  
7868 5 6 
7870 16  
7872 21  
7874 19  
7877 26  
7881 10 21
7893 20  
7894 26  
7899 0 16 22 26
7902 0
7904 0
7910 0 26 
7914 0 26 
7916 0 26 
7922 17  
7923 5 19 23 25 27 
7925 9 16 
7929 9
7931 18 22 23 
7938 26  
7946 15  
7951 15  
7954 23  
7955 24  
7957 7 11 
7967 26  
7969 6 14 17 25
7971 14 18
7983 9
7992 18 19
7993 26  
8000 22 23 27 
8001 13  
8002 11 26
8005 26  
8006 26  
8008 12  
8010 21  
8014 24  
8024 9
8025 24  
8044 13  
8048 8
8051 17  
8063 25  
8065 14 17
8066 25  
8068 18 27
8069 9 11 12 19
8071 14  
8072 14  
8075 19  
8077 14 27
8078 16 24 25 
8081 23 27
8084 14  
8085 17  
8086 14  
8087 20  
8088 14  
8089 7 8 11 12 22 23
8092 14  
8095 16  
8096 21  
8099 24  
8100 13 14
8101 17  
8103 19 23
8104 13 24
8106 2 17 
8108 13 14 17 22 24 25 
8113 17  
8117 5 27 
8123 12 13 14 
8125 14  
8126 11 19
8127 1 17 
8132 17  
8134 22  
8144 14 17 22 
8153 11  
8160 21  
8165 24  
8169 3 16 25 27
8177 20  
8180 15  
8181 9 15 
8182 4
8183 22  
8187 2 23 
8192 24  
8193 26  
8197 27  
8200 5 10 24
8201 24  
8204 24  
8210 11  
8211 20  
8212 8 24 27
8216 16  
8219 15  
8224 11  
8240 13 20
8248 2
8250 16  
8251 16  
8257 17  
8264 1 2 
8275 12 24
8280 14  
8282 15  
8285 14 17 25 
8290 9 15 16 22
8293 9
8295 9 11 15
8296 9
8299 1 15 18
8301 9
8302 9
8305 9
8310 9
8313 9
8314 9
8317 9
8318 12  
8319 9
8323 9
8324 9 22 
8330 9
8331 9
8337 25  
8339 8 27 
8347 14 27
8349 16  
8355 17  
8359 6
8360 10  
8364 13  
8371 5
8413 18  
8423 3
8429 8
8431 21 24
8432 2 20 
8441 14 17
8442 4 17 27
8445 4 19 27
8446 2 17 25
8449 17  
8450 6 14 17
8455 14  
8456 27  
8457 24  
8466 1
8471 17  
8473 2
8474 22  
8475 17  
8481 12 16 21 24
8482 24 27
8483 27  
8486 13  
8487 19  
8490 9 11 22
8491 13  
8493 3 9 
8498 14  
8500 11 16
8505 16  
8506 12 14
8513 12  
8515 6 19 
8519 4
8520 2 15 
8527 7 22 
8533 23  
8534 20  
8539 21  
8541 23 24
8546 24  
8549 24  
8551 11 24
8557 24  
8559 20  
8560 3 24 27
8561 3 24 
8562 21  
8573 9
8574 9
8575 9
8581 23  
8583 14  
8585 14  
8589 18  
8594 0
8595 4 18 24
8600 3 25 
8605 17  
8621 14  
8629 14  
8646 10 14
8664 21  
8667 10 14
8669 0
8670 23  
8671 7
8675 10 12
8677 20  
8680 27  
8682 18 19
8685 12  
8689 13  
8690 1 12 24
8701 12 14
8702 19  
8708 22  
8711 5 6 12 17 23 27
8714 24  
8718 12  
8725 15 18 19 
8730 10  
8735 21  
8737 11  
8738 10 21
8751 19  
8755 11 15 25 
8767 5 10 19
8770 1
8786 12  
8789 5
8791 8
8794 22  
8795 22  
8796 18  
8798 2 27 
8800 18 21
8802 5 18 19 23
8803 2 19 23
8804 19 23
8805 2 6 12 18 23 25
8806 18  
8808 18 27
8809 0 6 18
8810 18  
8811 19 22
8816 20  
8818 5 6 20 25 27 
8822 22  
8825 24  
8826 3 8 16
8827 3 10 
8829 8 10 11 27
8832 27  
8840 27  
8841 12  
8842 27  
8844 24 27
8846 12  
8848 26  
8849 13  
8852 27  
8855 8 10 14
8856 5
8860 17 20 22 23
8862 10 14
8864 3 21 
8866 15 17
8872 23  
8873 21  
8882 12  
8886 21  
8887 19  
8891 18  
8893 15  
8897 0 27 
8900 14  
8905 0
8924 20  
8925 11  
8926 15  
8932 21  
8933 15  
8935 19  
8936 15  
8939 27  
8940 19  
8941 15  
8946 19  
8949 15  
8951 10 15
8952 8 19 
8960 15  
8962 16  
8963 6 25 
8970 13  
8972 9 11 22
8979 15  
8980 17 19
8982 15  
8983 7 15 20
8998 20  
9001 16  
9007 20 25
9008 20  
9009 19  
9010 1 19 
9014 16  
9023 2 20 
9034 8
9037 9
9038 9 15 
9039 9
9045 21  
9047 11 15
9048 1 15 20 22 23 27 
9050 5
9056 16  
9067 15  
9068 15  
9072 10  
9078 2 25 
9079 2 15 19 27
9080 16 25
9084 27  
9085 17  
9096 18  
9100 13  
9101 10  
9110 15 25
9116 14 17
9122 13  
9123 24  
9128 6 27 
9142 12  
9149 25  
9156 25  
9157 25  
9159 19 22 24 
9174 9
9188 27  
9195 16  
9197 15  
9200 11 21
9204 22  
9206 10 25
9210 26  
9221 0
9228 5 10 16
9230 10  
9233 26  
9235 17  
9241 1 22 23
9243 22 23
9244 11 25 26 
9245 1 2 12 22 23 
9247 18 22 23 
9248 22 23
9251 22 23
9253 19 22 23 
9254 19 22 23 
9258 19  
9270 15  
9278 8
9291 13 20
9295 9
9296 24  
9300 18 22 27 
9301 12 24
9309 11 16
9314 0
9318 24  
9324 21  
9327 2 12 
9328 24  
9331 13 16 24 
9333 22  
9336 22  
9337 18  
9339 24  
9340 17  
9344 5 24 
9345 1 3 10 19 
9357 26  
9358 26  
9373 2
9374 22  
9375 18  
9380 3 5 
9391 21  
9393 17  
9394 15  
9396 19  
9399 2
9401 19 22 25 
9403 23  
9405 7 21 22 27
9407 6
9408 2 23 
9410 4 24 27
9411 9 11 19
9415 19  
9416 23  
9418 19 27
9420 19  
9421 18  
9423 23  
9425 19  
9426 11  
9431 19  
9446 18 23 27 
9449 17  
9456 27  
9459 11  
9462 23  
9465 18  
9473 13 14 18 
9510 9 15 
9513 3
9521 1
9522 8
9530 27  
9536 21  
9537 0 24 25
9542 24  
9556 16  
9561 27  
9567 9
9569 8 21 
9572 16  
9575 1
9576 20  
9581 2 19 
9582 18 23 25 27
9584 1 2 16 25 
9587 2 20 
9589 27  
9590 1 4 6 11 13 17  
9591 6 18 25
9596 17  
9603 27  
9608 25  
9616 5
9621 18  
9635 24  
9636 26  
9647 16  
9654 16  
9659 3
9660 1 17 
9668 22 23 24 
9671 14  
9679 1 3 17
9680 27  
9697 10 13 19 22
9702 0
9704 19  
9716 14  
9724 26  
9729 17  
9733 9 11 
9750 17  
9752 2 13 17 20
9757 21  
9761 22  
9766 24  
9767 24  
9769 15  
9774 9 11 
9782 0 13 14
9783 7
9785 11 20
9793 9 15 
9800 21 25
9806 14 19
9822 14 17
9823 21  
9826 16  
9830 5 10 16
9835 14  
9847 4 23 25
9852 23 25
9854 20  
9857 23  
9859 27  
9861 18 23
9862 27  
9869 13 24 27 
9880 0 26 
9883 4 24 
9886 26  
9893 27  
9897 27  
9898 22  
9917 3
9927 26  
9929 26  
9933 4
9936 4 23 
9937 2 13 
9948 3 17 22
9958 13 17
9961 20 27
9964 17  
9968 10 13
9972 5 17 
9984 1 19 
9985 19  
9987 22 27
10002 18 23
10004 26 
10007 19 
10012 8 21
10013 22 
10014 10 21
10019 19 
10021 21 
10022 27 
10025 16 25
10034 10 21
10035 14 
10039 26 
10040 24 
10046 24 
10052 15 17
10057 14 
10060 14 17
10061 19 
10062 11 25
10074 1 12 13 14 24  
10075 1 14 18 
10077 14 
10081 14 17
10082 19 25
10083 14 
10088 7 8 
10089 10 14
10090 14 
10092 5  
10093 10 
10117 8 10
10122 4  
10128 9 11
10134 26 
10149 13 
10155 11 
10166 27 
10167 26 
10169 15 
10170 11 
10176 11 23
10184 21 
10185 18 
10190 11 
10197 10 
10200 8  
10205 10 
10207 27 
10208 20 
10214 27 
10220 15 
10227 11 23
10242 5  
10256 0  
10264 24 
10266 16 
10268 5  
10269 16 
10280 2  
10282 8  
10291 18 
10303 13 
10305 10 17
10306 24 
10315 26 
10317 26 
10318 26 
10321 7 22 23 26
10322 7 22 23 26
10323 8 22 26 
10327 21 24
10332 12 
10338 12 21 22 
10339 18 23 26 
10341 12 23
10342 27 
10343 26 
10344 1  
10349 4 6 17
10352 21 
10353 23 
10356 11 18
10357 2 16
10362 20 
10370 17 
10372 17 
10375 18 
10381 27 
10384 6  
10385 22 27
10392 20 
10395 8 16
10405 5 20 24 
10406 1 18 19 27
10419 9  
10424 9  
10426 11 26
10428 3 11 14 19 25 27 
10433 22 
10435 26 
10438 11 26
10444 18 19
10457 27 
10460 11 18 22 23 24 25 26 
10464 10 
10467 10 14
10476 20 
10482 21 
10490 17 
10492 11 
10493 26 
10496 14 
10498 27 
10508 16 
10522 21 
10525 12 
10530 9 11
10540 26 
10555 5 10
10556 6 9 27
10557 9  
10572 10 21
10576 7  
10577 1  
10579 19 
10582 27 
10592 12 
10597 26 
10602 24 
10603 4 20
10618 17 
10619 17 
10620 17 
10621 6 12 16 
10632 22 
10634 22 23
10639 4 6 19 22 25 
10647 19 23
10648 17 
10650 25 
10651 4 6 18 23
10657 12 19 22 25 
10666 3 21
10667 21 
10670 19 
10671 23 
10672 21 
10680 18 
10681 19 
10683 18 
10685 18 23
10692 22 27
10694 18 
10709 17 
10710 21 
10714 4  
10719 17 
10726 5  
10727 5  
10728 26 
10736 5 18
10741 18 24
10745 11 15
10754 0 4 25
10757 5  
10765 1 25
10768 9 15
10769 11 16
10774 11 16
10783 15 
10794 22 
10799 21 
10811 16 
10812 10 12 14 20 22 23  
10814 2  
10816 21 
10819 2 14
10822 20 
10827 19 
10830 21 
10835 12 14
10836 17 
10838 16 24
10844 13 24 27 
10845 19 22 25 27 
10848 1  
10851 23 
10853 20 
10858 20 22
10861 21 
10864 14 
10865 27 
10866 14 
10870 13 14
10875 14 23
10878 20 
10882 15 
10883 6  
10889 1  
10897 17 23
10898 17 
10899 17 
10901 22 
10905 14 
10909 15 
10912 1 20
10913 9  
10915 25 
10918 9  
10921 11 
10936 24 
10949 8 21
10958 8  
10959 8  
10961 22 
10962 15 
10967 15 25
10971 16 24
10972 15 
10982 10 18
10989 11 
10996 21 
11004 16 
11097 21 
11158 7 15
11278 26 
11288 13 14
11290 14 
11293 1 3 24
11300 16 
11306 27 
11310 24 
11321 12 21
11326 16 
11328 13 
11331 14 
11333 2  
11342 0  
11353 23 
11354 10 14
11355 13 
11358 2 15 19 
11361 4 14 17 19
11363 14 
11364 10 
11365 10 
11366 17 
11373 3 8 12
11374 13 
11378 12 13
11387 13 14 17 24 
11389 3 14 17 
11390 14 
11399 13 14
11401 2 12 14 
11404 22 
11405 4 25
11408 21 24
11409 18 24
11411 10 21
11413 11 15 24 
11415 12 
11420 24 
11431 14 
11433 21 
11435 19 
11442 0  
11450 15 17 23 
11451 14 
11454 3 4 20
11462 14 
11464 17 
11468 14 17
11475 26 
11477 11 
11485 20 
11502 22 
11505 14 
11507 4  
11511 17 25
11512 11 15
11515 11 15
11516 14 
11519 27 
11532 3 4 12 27
11537 20 
11541 26 
11545 17 
11546 27 
11550 18 
11551 6 17
11554 0  
11555 3 4 6 27 
11556 14 
11577 22 
11578 22 
11581 22 25
11585 5  
11589 12 13 21 24 
11593 3 13
11594 17 20
11595 21 
11620 13 
11624 8 21
11625 19 
11628 17 
11632 4  
11647 5  
11653 6 13
11655 19 
11665 22 23 25 
11673 16 
11676 24 
11691 22 
11695 26 
11696 26 
11698 26 
11699 23 
11700 26 
11702 9  
11707 10 
11716 24 
11719 24 
11720 9 16
11722 26 
11728 1  
11733 24 
11743 20 
11746 20 
11757 13 17
11758 13 
11762 10 
11778 15 
11780 4 24
11782 17 
11786 5  
11794 16 
11804 23 
11805 1 20 23 
11807 18 
11815 12 
11818 18 22 26 
11834 19 
11835 10 
11836 21 
11846 2  
11854 2 23
11858 22 
11859 27 
11864 23 
11866 21 
11867 21 
11869 14 17
11876 8  
11887 16 
11889 27 
11890 16 25
11892 16 
11894 15 
11896 16 
11900 13 14
11908 27 
11910 5  
11911 2 6 16 17 27 
11916 6 11 16 
11922 25 
11923 16 
11925 11 16
11931 26 
11932 26 
11937 26 
11938 21 
11940 12 
11945 2 18
11947 7 26
11948 27 
11951 22 
11954 9 11 22 
11957 5  
11964 2  
11966 4 5 27
11968 7 23 26 
11970 0  
11971 17 
11975 0  
11977 17 
11978 17 19 25 
11982 15 
11984 17 
11987 4  
11991 12 
11996 0 15
12002 15 
12003 8 15
12006 15 
12007 15 
12010 15 
12021 26 
12023 26 
12025 26 
12026 26 
12029 26 
12031 26 
12034 0 12 22 
12037 16 
12043 27 
12047 27 
12048 27 
12049 12 
12062 6  
12068 9 16
12076 14 
12077 26 
12078 11 21
12079 9  
12090 0 3 13
12096 12 
12119 14 
12120 5  
12124 13 14
12141 10 18
12145 6 8 9 18 
12146 21 
12152 10 18
12158 23 
12168 13 16
12169 13 16
12180 20 
12184 12 23
12189 13 16
12197 26 
12204 4  
12208 24 26
12214 9 15
12216 14 
12220 17 
12223 19 
12224 27 
12227 14 
12238 1 12
12241 26 
12244 8  
12246 7  
12253 21 
12260 7  
12271 0  
12276 2  
12278 6 21
12282 9  
12294 24 
12311 3 13 14 
12312 21 
12314 2  
12315 20 
12318 25 
12329 15 17 22 
12332 15 22
12340 9 26
12342 7  
12352 9 10 12 13 20 22 23 
12353 4  
12354 6  
12360 25 
12361 26 
12372 12 
12373 12 19
12379 2 13
12381 12 24
12389 11 
12394 24 
12413 21 
12415 26 
12418 26 
12420 25 26
12421 0 26
12423 26 
12424 23 26 27 
12425 26 
12428 14 
12433 17 
12434 11 20
12439 17 
12441 2  
12445 5  
12447 17 
12456 16 
12463 8  
12466 18 
12470 14 
12480 23 
12487 26 
12494 20 21
12497 9 11
12501 9  
12505 23 
12508 15 
12510 22 27
12514 15 
12521 18 25
12532 10 14
12542 21 
12546 10 21
12559 11 22
12564 24 
12566 8 27
12574 24 
12578 25 
12581 24 
12585 19 25
12587 15 
12604 13 
12611 11 16
12617 26 
12621 24 
12623 12 17
12626 20 
12628 20 
12630 0 13 14 
12643 16 
12661 1 17
12664 26 
12665 10 14
12668 13 
12670 2 16 27 
12674 8 23
12687 7  
12691 16 25
12698 8  
12714 20 
12718 15 
12720 23 
12729 16 25
12733 10 
12734 10 
12735 21 
12738 9  
12739 22 
12752 18 19
12755 0 12 23 
12760 7  
12765 23 
12768 23 27
12769 15 
12770 25 
12774 25 
12782 6 11 22 25
12784 16 
12791 15 
12803 1 27
12812 16 21 23 
12813 9 15
12816 18 
12822 5  
12824 17 
12827 17 
12829 12 20 23 
12831 17 22
12832 17 20
12838 9 26
12846 2  
12863 12 
12865 1 19
12872 26 27
12874 9 11
12879 17 
12882 15 
12888 2 17 19 
12895 20 
12904 1 18
12906 15 
12914 12 
12916 11 
12918 12 23
12919 8  
12924 17 18 20 
12925 6 22 23 27
12927 16 
12934 19 
12935 16 
12937 19 
12939 0 18
12949 15 
12953 0  
12960 26 
12961 26 
12979 18 19
12981 14 
12985 14 
12986 14 
13014 26 27
13017 10 18
13023 26 
13025 11 
13033 11 
13035 11 18
13037 26 
13039 6 18 19 21 22 27 
13043 25 
13048 7 9 15 19
13051 7 9 15 16 25 
13053 9  
13056 11 
13059 3 6 9
13070 17 
13081 11 
13082 11 21
13087 19 20 22 
13091 18 
13103 6 16
13104 2 9 18 21 23 25 27
13108 16 
13109 16 
13114 0  
13117 24 
13136 19 25
13137 1 18
13139 23 
13143 11 
13146 12 25
13159 26 
13165 9 22
13167 9 22
13169 22 
13174 17 
13176 23 
13180 8  
13181 19 25
13186 10 15
13187 23 
13192 8 25
13193 17 
13199 20 22
13205 4 17 25 
13223 13 
13224 23 
13232 1 6 
13247 9  
13252 9 15 19 
13256 15 
13263 23 26
13265 26 
13266 18 
13281 19 21
13286 13 
13288 17 18 25 
13299 9  
13302 19 
13309 7  
13311 10 18
13313 25 
13314 1 2 24
13323 20 
13324 21 
13335 10 18
13341 12 14
13342 25 
13346 3 9 11 16
13347 15 
13348 9  
13351 7  
13371 12 24
13372 12 18 23 
13376 20 
13384 11 26
13388 0 18 22 
13395 25 
13396 15 24
13398 2 21
13411 21 
13430 26 
13439 11 
13443 24 
13445 0 26
13454 15 
13455 2 4 12 22 23 25 
13457 22 
13459 4 25
13460 4  
13472 3  
13475 26 
13476 15 19
13481 3  
13483 8 16 17 21 25  
13498 14 
13502 17 
13507 22 
13518 21 
13528 9  
13530 16 
13535 14 
13538 6 11 21 
13549 17 
13562 20 
13565 15 
13567 10 
13575 25 
13579 12 17 23 
13585 20 27
13587 13 
13590 14 17
13592 8  
13594 11 
13602 6 15
13607 26 
13610 10 
13613 5 22
13615 5 17 22 
13616 5  
13618 22 
13623 25 
13626 9  
13628 6  
13632 9 15
13636 15 
13641 13 
13645 9  
13655 19 
13666 17 19 25 
13667 16 
13671 6 15 25 
13674 13 20 27 
13681 1 18
13685 17 
13690 5 20 26 
13725 24 
13727 24 
13729 3 9 11
13738 23 
13741 19 25
13746 25 
13748 1 18
13755 19 
13771 20 
13774 23 27
13776 9  
13778 26 
13785 6  
13787 21 
13815 21 
13820 19 
13828 24 27
13832 15 20 21 
13834 6 17
13857 2  
13859 5 10 18 
13863 19 
13871 14 19 23 
13878 3  
13882 11 25
13890 19 
13893 0  
13894 18 
13895 21 24
13898 1 10 14 
13917 24 
13920 16 
13921 16 
13930 16 
13932 19 
13935 20 
13941 23 
13947 11 16 23 
13950 15 
13956 27 
13968 25 
13974 9  
13981 4  
13989 17 20 25 
14002 26 
14005 19 
14006 9  
14015 27 
14018 18 23
14021 23 25
14024 21 
14027 18 21
14033 12 
14036 12 
14041 23 
14045 0 26
14047 10 
14049 18 
14050 13 
14070 1  
14085 10 11 16 21 
14089 1 18
14092 8  
14097 6 8 
14109 18 20 23 26 
14114 21 
14121 0  
14123 14 
14134 15 
14140 12 
14158 9  
14159 17 
14160 8  
14161 13 
14162 13 
14164 9 11
14192 10 14
14195 16 20
14197 4  
14200 15 19
14204 8 15
14210 0 22
14211 16 
14223 9  
14226 8 9 15
14242 26 
14244 23 
14247 17 
14249 15 
14252 13 16
14269 8  
14302 3 13
14304 20 
14305 9 14 16 17 19 22 25 27
14310 12 19
14313 13 
14314 19 
14322 23 
14329 19 
14337 12 14
14343 16 
14344 19 20
14356 3  
14357 23 
14360 2  
14362 3 11 15 17 24  
14371 2  
14372 17 19 25 
14382 11 
14384 15 
14392 4 6 12 17 24 25 27
14393 2  
14409 6 25
14410 27 
14415 19 
14423 16 
14436 26 
14439 1 23
14449 22 
14453 0  
14454 7  
14463 0 18 19 25
14467 18 23 25 
14478 4 16
14480 16 
14482 20 
14487 11 
14503 23 
14507 9  
14510 11 
14518 16 25
14532 9 21
14544 21 
14555 19 25
14559 7  
14563 8  
14566 9 11
14582 10 18
14590 14 
14601 21 
14604 15 
14615 18 19
14616 18 19 22 27 
14619 19 22 27 
14633 20 
14671 16 
14687 23 
14701 15 
14706 4  
14718 18 19 20 
14724 20 
14743 25 
14746 1 18 22 23
14751 6 17 20 
14752 6 20
14757 7 15
14760 4 6 
14762 20 
14767 9 11 15 23 25  
14796 6 8 10 16
14801 3  
14812 1 19
14820 18 
14845 17 
14850 2 16 23 
14855 4  
14872 14 
14878 1 6 15 22 23 25 
14881 9  
14884 3 5 12 23
14890 12 17 19 23 25
14895 21 
14897 18 
14898 10 
14909 21 
14923 20 
14935 25 
14942 16 
14954 17 
14987 21 
14988 21 
15002 21 
15011 9  
15013 18 
15019 1 25
15050 19 
15082 19 
15086 9  
15090 22 
15094 4 19 25 
15098 17 25
15112 23 
15113 18 
15121 9 15
15125 16 
15129 15 
15133 7  
15161 6 17 25 
15167 18 
15186 15 
15187 9 13 15 
15190 16 
15203 24 
15208 27 
15225 21 
15243 9  
15246 25 27
15247 20 
15250 7  
15253 23 
15257 16 23 25 27 
15274 10 
15278 13 
15279 2 13
15280 21 
15281 20 21
15287 23 
15298 27 
15309 20 
15312 19 
15316 21 
15329 16 25 27 
15369 19 
15371 1 19
15392 21 
15418 14 
15447 10 
15449 26 
15458 27 
15467 11 12 23 
15481 2  
15492 16 25
15494 17 23
15496 23 
15504 26 
15505 26 
15506 26 
15507 26 
15513 18 19
15519 27 
15525 20 
15528 20 
15542 27 
15547 20 
15560 21 
15561 5 24
15562 7 19 22 25
15563 18 
15564 9 11
15593 25 
15600 22 25
15608 12 
15617 24 
15619 22 24
15640 16 24
15657 9  
15679 16 
15686 20 
15690 17 
15691 23 
15693 15 
15701 24 
15703 26 
15706 19 22 25 
15714 25 
15725 25 
15741 12 17
15754 13 
15757 17 
15768 5 8 12 14 17 
15796 19 
15798 15 
15802 12 
15806 24 
15816 17 
15820 23 25
15834 1 18 27 
15837 1 11
15842 4  
15872 21 
15879 4 23
15882 10 21
15888 26 
15889 5 24
15904 27 
15906 13 
15921 10 21
15936 25 
15968 18 
15986 14 
15992 19 
16014 2  
16015 22 23
16018 27 
16024 9  
16025 15 
16035 22 
16068 3  
16070 0 17
16074 9 11
16075 11 
16096 9  
16098 18 
16100 26 
16107 19 25
16111 23 
16114 22 23
16115 16 
16116 21 
16133 16 23
16134 4 25
16152 25 
16158 21 
16169 9  
16171 4  
16189 4  
16195 4  
16215 19 
16216 27 
16220 16 17 19 23 
16233 16 
16238 25 
16250 7  
16253 18 
16267 11 
16268 20 
16275 25 27
16277 7  
16279 7  
16282 6 21
16283 19 
16308 9  
16324 12 
16328 17 
16331 4 22 25 
16366 27 
16379 17 22
16398 22 
16414 21 
16416 9  
16422 21 
16435 10 22
16440 8 9 15
16441 7 22
16442 8  
16455 20 
16470 7 22
16503 9 15
16507 13 
16518 11 
16529 21 
16534 19 
16535 15 
16541 15 
16546 21 
16553 16 
16558 21 
16579 7 11 15 
16593 19 
16594 2 23
16596 27 
16609 26 
16613 13 
16643 19 
16649 13 
16654 18 
16655 9 11
16659 10 
16673 5 24
16695 25 
16701 21 
16709 12 23
16712 14 17
16715 16 20 25 
16740 8 21
16804 9  
16805 15 
16822 2  
16837 16 
16856 20 
16883 3  
16887 0  
16982 12 
16983 27 
16996 18 19 25 
17014 24 
17080 15 
17088 21 22 25 
17095 8  
17116 15 
17126 12 23
17132 27 
17136 0  
17143 25 
17194 13 
17210 9  
17218 4  
17221 3 7 
17248 15 
17263 21 24
17288 15 26
17298 25 
17350 19 
17397 23 
17440 9  
17504 9 11
17531 8  
17548 19 
17559 13 16
17563 10 
17581 12 
17589 9 19
17599 20 
17618 12 15
17653 3 13
17683 7  
17698 9  
17707 1 10 25 
17710 9  
17761 16 
17771 8  
17796 13 
17816 7  
17831 3  
17887 9  
17890 15 
17908 12 21
17919 9  
17923 4  
17966 22 23
18022 24 
18023 12 15
18031 1  
18051 26 
18065 19 
18070 10 
18076 27 
18081 9  
18132 15 
18152 27 
18193 4 24
18204 16 20
18251 11 
18331 21 
